10,235
10,9
10,295
10,29
10,255
10,265
10,215
10,145
10,2
10,3
11,6
11,23
11,9
11,7
11,27
11,13
11,1
11,21
11,2
11,3
9,5
9,1
9,7
9,2
9,3
8,5
8,11
8,9
8,16
8,8
8,1
8,13
8,2
8,3
12,2
12,1
12,3
20,2
20,1
20,3
19,2
19,1
19,3
83,3
83,2
83,1
83,0
82,4
82,3
82,2
82,1
82,0
81,5
81,4
81,3
81,2
81,1
81,0
80,3
80,2
80,1
80,0
79,6
79,5
79,4
79,3
79,2
79,1
79,0
78,5
78,4
78,3
78,2
78,1
78,0
77,3
77,2
77,1
77,0
76,5
76,4
76,3
76,2
76,1
76,0
75,6
75,5
75,4
75,3
75,2
75,1
75,0
74,4
74,3
74,2
74,1
74,0
73,6
73,5
73,4
73,3
73,2
73,1
73,0
72,4
72,3
72,2
72,1
72,0
71,5
